63.1095
74.43
65.7385
43.609
101.2685
58.8125
48.2345
62.692
105.264
42.031
65.765
76.87
50.651
32.6935
38.9115
55.5225
39.8605
53.124
42.567
55.506
30.2315
34.931
47.5025
79.514
59.346
53.4905
31.2205
36.9435
52.4715
29.4745
31.5975
42.07
50.5145
52.603
34.804
63.945
54.538
53.474
63.7195
42.7805
27.09
28.969
39.093
49.566
28.064
32.355
61.2985
44.7965
32.3535
27.4495
30.8285
24.5965
30.279
59.975
26.218
30.5375
24.4395
24.267
28.452
24.6395
29.596
29.545
33.707
25.6905
37.6465
30.316
31.934
27.7375
25.2485
28.419
26.432
22.8315
25.499
25.305
28.522
21.218
26.1805
23.2055
33.8725
26.0225
31.06
32.3195
22.1915
28.1325
28.0225
26.9165
23.525
28.6905
22.636
21.984
24.4765
23.8545
21.877
18.2915
19.911
19.6615
21.497
26.9875
29.3315
19.905
