-64575.0
-83553.0
-74065.0
-42736.0
-113436.0
-59666.0
-43592.0
-82373.0
-138522.0
-40298.0
-84128.0
-75594.0
-52808.0
-22196.0
-29848.0
-45405.0
-36430.0
-52509.0
-42349.0
-64776.0
-33009.0
-29517.0
-47628.0
-74037.0
-64756.0
-57593.0
-18558.0
-31105.0
-49536.0
-23322.0
-28842.0
-33658.0
-51290.0
-56205.0
-33316.0
-80430.0
-54654.0
-63189.0
-83660.0
-29458.0
-19909.0
-24437.0
-34404.0
-48563.0
-19817.0
-28438.0
-68397.0
-46359.0
-29693.0
-21489.0
-21199.0
-15770.0
-26725.0
-54419.0
-21554.0
-22652.0
-16185.0
-16480.0
-23526.0
-16642.0
-19159.0
-16481.0
-28131.0
-18780.0
-35159.0
-23664.0
-25240.0
-17364.0
-20257.0
-16538.0
-19845.0
-15996.0
-23629.0
-15464.0
-24878.0
-16035.0
-15939.0
-15969.0
-27967.0
-16918.0
-18722.0
-35603.0
-14027.0
-18055.0
-21919.0
-16389.0
-13930.0
-14222.0
-13714.0
-13648.0
-14601.0
-12904.0
-13798.0
-10584.0
-10727.0
-13704.0
-9706.0
-14565.0
-21462.0
-12355.0
