126219
148860
131477
87218
202537
117625
96469
125384
210528
84062
131530
153740
101302
65387
77823
111045
79721
106248
85134
111012
60463
69862
95005
159028
118692
106981
62441
73887
104943
58949
63195
84140
101029
105206
69608
127890
109076
106948
127439
85561
54180
57938
78186
99132
56128
64710
122597
89593
64707
54899
61657
49193
60558
119950
52436
61075
48879
48534
56904
49279
59192
59090
67414
51381
75293
60632
63868
55475
50497
56838
52864
45663
50998
50610
57044
42436
52361
46411
67745
52045
62120
64639
44383
56265
56045
53833
47050
57381
45272
43968
48953
47709
43754
36583
39822
39323
42994
53975
58663
39810
