143923
85432
127041
162364
128053
134988
113722
225659
92433
56070
55976
90219
59574
70385
86555
67837
81276
95525
156314
53837
115717
83036
66645
78207
47407
81952
52542
64116
49222
61919
148335
55764
52148
43660
88717
87453
63939
68035
50777
48118
69983
46906
58243
36414
65846
50654
68233
54009
42125
51457
55495
47112
38342
53421
54730
38964
49802
37753
50554
42151
40370
37891
41920
37154
35994
34847
39434
37425
30836
35369
37065
36965
41041
34871
36702
31537
41413
31681
37143
33474
40439
33004
38026
28735
43247
31704
29560
27558
33073
41283
33584
33865
32856
32222
29082
31449
32249
28480
33399
36335
