71.9615
42.716
63.5205
81.182
64.0265
67.494
56.861
112.8295
46.2165
28.035
27.988
45.1095
29.787
35.1925
43.2775
33.9185
40.638
47.7625
78.157
26.9185
57.8585
41.518
33.3225
39.1035
23.7035
40.976
26.271
32.058
24.611
30.9595
74.1675
27.882
26.074
21.83
44.3585
43.7265
31.9695
34.0175
25.3885
24.059
34.9915
23.453
29.1215
18.207
32.923
25.327
34.1165
27.0045
21.0625
25.7285
27.7475
23.556
19.171
26.7105
27.365
19.482
24.901
18.8765
25.277
21.0755
20.185
18.9455
20.96
18.577
17.997
17.4235
19.717
18.7125
15.418
17.6845
18.5325
18.4825
20.5205
17.4355
18.351
15.7685
20.7065
15.8405
18.5715
16.737
20.2195
16.502
19.013
14.3675
21.6235
15.852
14.78
13.779
16.5365
20.6415
16.792
16.9325
16.428
16.111
14.541
15.7245
16.1245
14.24
16.6995
18.1675
