-95256.0
-45294.0
-78588.0
-87277.0
-93180.0
-83422.0
-72450.0
-164601.0
-54729.0
-30955.0
-32277.0
-48507.0
-29687.0
-37209.0
-49722.0
-34728.0
-46870.0
-56035.0
-95202.0
-28282.0
-67801.0
-35312.0
-41989.0
-46357.0
-22306.0
-40849.0
-26574.0
-31748.0
-22522.0
-32432.0
-101305.0
-22349.0
-20624.0
-22747.0
-51056.0
-50205.0
-31608.0
-28393.0
-21439.0
-18321.0
-34761.0
-22643.0
-30331.0
-16273.0
-31174.0
-25760.0
-31478.0
-23598.0
-17442.0
-25860.0
-27913.0
-22430.0
-16416.0
-24205.0
-20213.0
-15703.0
-25739.0
-19024.0
-16485.0
-18306.0
-12048.0
-14780.0
-13334.0
-14387.0
-14396.0
-13549.0
-15720.0
-11833.0
-12360.0
-15415.0
-15881.0
-14110.0
-18448.0
-14007.0
-15773.0
-11973.0
-13058.0
-9345.0
-15745.0
-12143.0
-15452.0
-11416.0
-14044.0
-9215.0
-17787.0
-12245.0
-11026.0
-9789.0
-13255.0
-13852.0
-10653.0
-13797.0
-10985.0
-10095.0
-10576.0
-11088.0
-11070.0
-9362.0
-13440.0
-9929.0
