-78010.0
-215960.0
-147192.0
-57214.0
-79868.0
-80945.0
-74733.0
-71804.0
-90588.0
-54221.0
-26085.0
-73302.0
-99447.0
-94655.0
-27714.0
-48277.0
-58553.0
-60347.0
-69552.0
-70449.0
-41301.0
-76531.0
-32339.0
-39534.0
-39649.0
-45044.0
-54936.0
-49271.0
-23592.0
-53612.0
-22918.0
-25462.0
-103149.0
-36898.0
-61864.0
-41179.0
-25867.0
-41170.0
-96704.0
-38416.0
-95926.0
-61788.0
-50074.0
-60583.0
-32139.0
-44231.0
-52015.0
-31950.0
-45518.0
-42844.0
-52646.0
-83667.0
-25825.0
-33255.0
-59231.0
-28495.0
-46148.0
-19799.0
-24575.0
-29539.0
-33670.0
-46597.0
-29553.0
-17536.0
-26103.0
-25281.0
-30584.0
-27012.0
-24674.0
-21074.0
-20677.0
-20722.0
-20598.0
-22121.0
-26768.0
-18233.0
-16830.0
-23384.0
-25928.0
-23736.0
-39336.0
-26312.0
-26046.0
-27231.0
-19479.0
-78486.0
-34141.0
-27152.0
-26064.0
-22100.0
-22738.0
-18680.0
-27449.0
-29528.0
-32516.0
-15709.0
-20796.0
-21565.0
-21068.0
-31062.0
