67.856
168.045
103.924
59.2405
66.034
82.434
76.475
63.623
72.131
55.247
32.03
65.5705
88.955
82.8635
31.573
46.914
52.03
58.761
67.0335
63.229
53.8955
77.659
43.6895
48.672
45.964
47.5195
51.7715
50.3345
30.304
54.128
33.5425
33.014
88.172
33.843
58.073
49.926
33.191
39.1245
85.189
42.2055
94.253
61.0895
49.983
62.485
34.5295
44.6745
49.7885
39.5
43.2565
42.564
54.5715
77.082
30.099
43.1435
61.5155
36.7305
59.217
28.5365
31.092
34.593
45.127
45.6045
33.111
22.997
30.101
32.8115
35.476
30.3365
29.8085
27.979
25.408
27.891
28.8415
29.266
31.4795
24.543
24.5335
29.7275
31.1745
30.5205
38.646
33.5325
31.661
30.5125
27.67
69.315
47.3155
31.703
29.2355
28.1155
27.2605
25.3275
30.5825
45.3075
38.505
22.927
27.3825
32.066
34.3835
36.58
