135712
336090
207848
118481
132068
164868
152950
127246
144262
110494
64060
131141
177910
165727
63146
93828
104060
117522
134067
126458
107791
155318
87379
97344
91928
95039
103543
100669
60608
108256
67085
66028
176344
67686
116146
99852
66382
78249
170378
84411
188506
122179
99966
124970
69059
89349
99577
79000
86513
85128
109143
154164
60198
86287
123031
73461
118434
57073
62184
69186
90254
91209
66222
45994
60202
65623
70952
60673
59617
55958
50816
55782
57683
58532
62959
49086
49067
59455
62349
61041
77292
67065
63322
61025
55340
138630
94631
63406
58471
56231
54521
50655
61165
90615
77010
45854
54765
64132
68767
73160
