-92235.0
-76916.0
-90210.0
-45027.0
-53850.0
-182784.0
-54292.0
-45691.0
-54722.0
-77412.0
-62452.0
-52969.0
-42680.0
-62719.0
-47459.0
-103295.0
-37288.0
-23809.0
-30734.0
-32296.0
-70429.0
-27104.0
-44000.0
-23069.0
-93713.0
-55508.0
-45531.0
-23742.0
-51294.0
-25707.0
-42444.0
-21638.0
-23308.0
-37111.0
-18776.0
-29231.0
-55413.0
-36313.0
-15408.0
-64162.0
-21678.0
-26743.0
-20421.0
-33152.0
-47561.0
-17474.0
-16433.0
-17466.0
-23125.0
-13935.0
-24328.0
-25905.0
-32270.0
-34182.0
-31218.0
-20251.0
-23840.0
-22152.0
-15780.0
-32196.0
-22540.0
-16961.0
-35522.0
-12263.0
-12804.0
-16202.0
-20874.0
-9900.0
-15737.0
-12340.0
-16568.0
-17955.0
-13754.0
-16627.0
-11267.0
-12060.0
-15619.0
-13925.0
-16117.0
-11931.0
-13606.0
-13457.0
-14744.0
-14016.0
-15454.0
-22181.0
-21862.0
-17001.0
-10147.0
-14729.0
-14472.0
-12594.0
-12059.0
-26565.0
-11827.0
-6975.0
-8956.0
-10447.0
-13057.0
-7112.0
