77.8465
61.0365
70.847
39.1375
43.776
127.3415
46.1195
39.11
43.0485
61.49
55.369
43.6395
38.7295
48.675
44.083
72.3025
34.9415
26.7215
30.095
30.6395
55.825
27.526
51.546
24.2285
72.1165
45.9415
40.95
24.7245
42.793
27.0045
35.206
23.5905
25.317
37.5365
22.47
33.257
47.4835
31.788
17.0995
64.2725
23.5525
26.124
22.636
31.5295
38.2435
20.4495
19.432
19.486
26.2985
17.7715
26.167
24.6165
28.091
35.2575
35.366
22.1865
29.7405
26.9905
20.043
28.3875
29.823
20.4215
33.2185
16.4525
17.2175
20.5435
25.25
14.8485
19.543
17.7205
21.232
19.65
17.8715
19.2315
15.517
16.148
19.837
17.4415
19.1385
16.5465
22.1665
16.618
18.7925
17.451
17.5605
27.813
26.567
19.911
16.522
17.023
18.4755
18.38
15.8015
29.959
15.727
12.2335
15.142
14.978
22.078
12.3755
