155693
122073
141694
78275
87552
254683
92239
78220
86097
122980
110738
87279
77459
97350
88166
144605
69883
53443
60190
61279
111650
55052
103092
48457
144233
91883
81900
49449
85586
54009
70412
47181
50634
75073
44940
66514
94967
63576
34199
128545
47105
52248
45272
63059
76487
40899
38864
38972
52597
35543
52334
49233
56182
70515
70732
44373
59481
53981
40086
56775
59646
40843
66437
32905
34435
41087
50500
29697
39086
35441
42464
39300
35743
38463
31034
32296
39674
34883
38277
33093
44333
33236
37585
34902
35121
55626
53134
39822
33044
34046
36951
36760
31603
59918
31454
24467
30284
29956
44156
24751
